[[-2.4914426e+02  1.9917323e+02 -1.9741957e+01 ...  4.7309728e+00
   4.7965550e+00  1.0780312e+01]
 [-2.7713095e+02  2.2177667e+02  2.0723362e+01 ...  1.1707060e+01
   9.4091663e+00  1.4109030e+01]
 [-3.2161746e+02  1.8291428e+02  9.1331234e+00 ...  6.5567932e+00
   8.3753948e+00  1.1771443e+01]
 ...
 [-4.1300793e+02  2.6755789e+02 -5.3117943e+00 ...  2.2865126e+00
  -2.1752787e-01  1.6178158e+01]
 [-4.8089795e+02  2.7318573e+02  1.4522767e+00 ... -1.5207866e-01
  -3.4837506e+00  1.4132423e+00]
 [-4.9038544e+02  2.8051660e+02  1.1480370e+01 ...  1.9627066e+00
  -2.9428620e+00  2.6825914e+00]]
